83 83 83 83 83 83 83 83 83 83 83 83 83 83 83 83 83 83 83 83 83 83 83 83 83 83 83 83 83 83 83 83 83 83 83 83 83 83 83 83 83 83 83 83 83 83 83 83 83 83 83 83 83 83 83 83 83 83 83 83 83 83 83 83 83 83 83 83 83 83 83 83 83 83 83 83 83 83 83 83 83 83 83 83 83 83 83 83 83 83 83 83 83 83 83 83 83 83 83 83 
83 83 83 83 83 83 83 83 83 83 83 83 83 83 83 83 83 83 83 83 83 83 83 83 83 83 83 83 83 83 83 83 83 83 83 83 83 83 83 83 83 83 83 83 83 83 83 83 83 83 83 83 83 83 83 83 83 83 83 83 83 83 83 83 83 83 83 83 83 83 83 83 83 83 83 83 83 83 83 83 83 83 83 83 83 83 83 83 83 83 83 83 83 83 83 83 83 83 83 83 
83 83 83 83 83 83 83 83 83 83 83 83 83 83 83 83 83 83 83 83 83 83 83 83 83 83 83 83 83 83 83 83 83 83 83 83 83 83 83 83 83 83 83 83 83 83 83 83 83 83 83 83 83 83 83 83 83 83 83 83 83 83 83 83 83 83 83 83 83 83 83 83 83 83 83 83 83 83 83 83 83 83 83 83 83 83 83 83 83 83 83 83 83 83 83 83 83 83 83 83 
83 83 83 83 83 83 83 83 83 83 83 83 83 83 83 83 83 83 83 83 83 83 83 83 83 83 83 83 83 83 83 83 83 83 83 83 83 83 83 83 83 83 83 83 83 83 83 83 83 83 83 83 83 83 83 83 83 83 83 83 83 83 83 83 83 83 83 83 83 83 83 83 83 83 83 83 83 83 83 83 83 83 83 83 83 83 83 83 83 83 83 83 83 83 83 83 83 83 83 83 
83 83 83 83 83 83 83 83 83 83 83 83 83 83 83 83 83 83 83 83 83 83 83 83 83 83 83 83 83 83 83 83 83 83 83 83 83 83 83 83 83 83 83 83 83 83 83 83 83 83 83 83 83 83 83 83 83 83 83 83 83 83 83 83 83 83 83 83 83 83 83 83 83 83 83 83 83 83 83 83 83 83 83 83 83 83 83 83 83 83 83 83 83 83 83 83 83 83 83 83 
83 83 83 83 83 83 83 83 83 83 83 83 83 83 83 83 83 83 83 83 83 83 83 83 83 83 83 83 83 83 83 83 83 83 83 83 83 83 83 83 83 83 83 83 83 83 83 83 83 83 83 83 83 83 83 83 83 83 83 83 83 83 83 83 83 83 83 83 83 83 83 83 83 83 83 83 83 83 83 83 83 83 83 83 83 83 83 83 83 83 83 83 83 83 83 83 83 83 83 83 
83 83 83 83 83 83 83 83 83 83 83 83 83 83 83 83 83 83 83 83 83 83 83 83 83 83 83 83 83 83 83 83 83 83 83 83 83 83 83 83 83 83 83 83 83 83 83 83 83 83 83 83 83 83 83 83 83 83 83 83 83 83 83 83 83 83 83 83 83 83 83 83 83 83 83 83 83 83 83 83 83 83 83 83 83 83 83 83 83 83 83 83 83 83 83 83 83 83 83 83 
83 83 83 83 83 83 83 83 83 83 83 83 83 83 83 83 83 83 83 83 83 83 83 83 83 83 83 83 83 83 83 83 83 83 83 83 83 83 83 83 83 83 83 83 83 83 83 83 83 83 83 83 83 83 83 83 83 83 83 83 83 83 83 83 83 83 83 83 83 83 83 83 83 83 83 83 83 83 83 83 83 83 83 83 83 83 83 83 83 83 83 83 83 83 83 83 83 83 83 83 
83 83 83 83 83 83 83 83 83 83 83 83 83 83 83 83 83 83 83 83 83 83 83 83 83 83 83 83 83 83 83 83 83 83 83 83 83 83 83 83 83 83 83 83 83 83 83 83 83 83 83 83 83 83 83 83 83 83 83 83 83 83 83 83 83 83 83 83 83 83 83 83 83 83 83 83 83 83 83 83 83 83 83 83 83 83 83 83 83 83 83 83 83 83 83 83 83 83 83 83 
83 83 83 83 83 83 83 83 83 83 83 83 83 83 83 83 83 83 83 83 83 83 83 83 83 83 83 83 83 83 83 83 83 83 83 83 83 83 83 83 83 83 83 83 83 83 83 83 83 83 83 83 83 83 83 83 83 83 83 83 83 83 83 83 83 83 83 83 83 83 83 83 83 83 83 83 83 83 83 83 83 83 83 83 83 83 83 83 83 83 83 83 83 83 83 83 83 83 83 83 
83 83 83 83 83 83 83 83 83 83 83 83 83 83 83 83 83 83 83 83 83 83 83 83 83 83 83 83 83 83 83 83 83 83 83 83 83 83 83 83 83 83 83 83 83 83 83 83 83 83 83 83 83 83 83 83 83 83 83 83 83 83 83 83 83 83 83 83 83 83 83 83 83 83 83 83 83 83 83 83 83 83 83 83 83 83 83 83 83 83 83 83 83 83 83 83 83 83 83 83 
83 83 83 83 83 83 83 83 83 83 83 83 83 83 83 83 83 83 83 83 83 83 83 83 83 83 83 83 83 83 83 83 83 83 83 83 83 83 83 83 83 83 83 83 83 83 83 83 83 83 83 83 83 83 83 83 83 83 83 83 83 83 83 83 83 83 83 83 83 83 83 83 83 83 83 83 83 83 83 83 83 83 83 83 83 83 83 83 83 83 83 83 83 83 83 83 83 83 83 83 
83 83 83 83 83 83 83 83 83 83 83 95 89 89 89 89 89 89 89 89 89 89 89 89 89 89 89 94 83 83 83 83 83 83 83 83 83 83 83 83 83 83 83 83 83 83 83 83 83 83 83 83 83 83 83 83 83 83 83 83 83 83 83 83 83 83 83 83 83 83 83 83 83 95 89 89 89 89 89 89 89 89 89 89 89 89 89 89 89 94 83 83 83 83 83 83 83 83 83 83 
83 83 83 83 83 83 83 83 83 83 83 87 68 68 68 68 68 68 68 68 68 68 68 68 68 68 68 88 83 83 83 83 83 83 83 83 83 83 83 83 83 83 83 83 83 83 83 83 83 83 83 83 83 83 83 83 83 83 83 83 83 83 83 83 83 83 83 83 83 83 83 83 83 87 68 68 68 68 68 68 69 69 68 68 68 68 68 68 68 88 83 83 83 83 83 83 83 83 83 83 
83 83 83 83 83 83 83 83 83 83 83 87 68 68 68 68 69 69 69 69 68 68 68 68 68 68 68 88 83 83 83 83 83 83 83 83 83 83 83 83 83 83 83 83 83 83 83 83 83 83 83 83 83 83 83 83 83 83 83 83 83 83 83 83 83 83 83 83 83 83 83 83 83 87 68 68 68 68 68 68 68 68 69 69 68 68 68 68 68 88 83 83 83 83 83 83 83 83 83 83 
83 83 83 83 83 83 83 83 83 83 83 87 68 97 71 71 71 71 71 71 71 71 71 71 98 69 68 90 89 89 94 83 83 83 83 83 83 83 83 83 83 83 83 83 83 83 83 83 83 83 83 83 83 83 83 83 83 83 83 83 83 83 83 83 83 83 83 83 83 83 95 89 89 91 68 68 97 71 71 71 71 71 71 71 71 71 98 68 68 88 83 83 83 83 83 83 83 83 83 83 
83 83 83 83 83 83 83 83 83 83 83 87 68 73 70 70 70 70 70 70 70 70 70 70 74 69 68 68 68 68 88 83 83 83 83 83 83 83 83 83 83 83 83 83 83 83 83 83 83 83 83 83 83 83 83 83 83 83 83 83 83 83 83 83 83 83 83 83 83 83 87 68 68 69 68 68 73 70 70 70 70 70 70 70 70 70 74 68 69 88 83 83 83 83 83 83 83 83 83 83 
83 83 83 83 83 83 83 83 83 83 83 87 68 73 70 70 70 70 70 70 70 70 70 70 74 68 69 69 68 68 88 83 83 83 83 83 83 83 83 83 83 83 83 83 83 83 83 83 83 83 83 83 83 83 83 83 83 83 83 83 83 83 83 83 83 83 83 83 83 83 87 68 68 68 68 68 73 70 70 70 70 70 70 70 70 70 74 69 68 88 83 83 83 83 83 83 83 83 83 83 
83 83 83 83 83 83 83 83 83 83 83 87 68 73 70 70 70 70 70 70 70 70 70 70 76 71 71 98 68 68 90 89 89 94 83 83 83 83 83 83 83 83 83 83 83 83 95 89 89 89 89 89 89 89 94 83 83 83 83 83 83 83 83 83 83 83 83 95 89 89 91 68 68 97 71 71 75 70 70 70 70 70 70 70 70 70 74 68 68 88 83 83 83 83 83 83 83 83 83 83 
83 83 83 83 83 83 83 83 83 83 83 87 69 73 70 70 70 70 70 70 70 70 70 70 70 70 70 74 68 68 68 68 68 88 83 83 83 83 83 83 83 83 83 83 83 83 87 68 103 101 101 101 102 68 88 83 83 83 83 83 83 83 83 83 83 83 83 87 68 68 68 69 68 73 70 70 70 70 70 70 70 70 70 70 70 70 74 68 68 88 83 83 83 83 83 83 83 83 83 83 
83 83 83 83 83 83 83 83 83 83 83 87 69 73 70 70 70 70 70 70 70 70 70 70 70 70 70 74 68 68 68 68 68 88 83 83 83 83 83 83 83 83 83 83 83 83 87 68 105 42 42 42 104 68 88 83 83 83 83 83 83 83 83 83 83 83 83 87 68 68 68 68 68 73 70 70 70 70 70 70 70 70 70 70 70 70 74 68 68 88 83 83 83 83 83 83 83 83 83 83 
83 83 83 83 83 83 83 83 83 83 83 87 68 73 70 70 70 70 70 70 70 70 70 70 70 70 70 76 71 71 98 68 68 90 89 89 89 89 89 89 89 89 89 89 89 89 91 68 105 42 42 42 104 68 90 89 89 89 89 89 89 89 89 89 89 89 89 91 68 68 97 71 71 75 70 70 70 70 70 70 70 70 70 70 70 70 74 68 68 88 83 83 83 83 83 83 83 83 83 83 
83 83 83 83 83 83 83 83 83 83 83 87 69 73 70 70 70 70 70 70 70 70 70 70 70 70 70 70 70 70 74 68 68 68 68 68 68 68 68 68 68 68 68 68 68 68 68 68 105 42 42 110 111 68 68 68 68 68 68 68 68 68 68 68 68 68 68 68 68 69 73 70 70 70 70 70 70 70 70 70 70 70 70 70 70 70 74 68 68 88 83 83 83 83 83 83 83 83 83 83 
83 83 83 83 83 83 83 83 83 83 83 87 68 73 70 70 70 70 70 70 70 70 70 70 70 70 70 70 70 70 74 68 68 68 68 68 68 68 68 68 68 68 68 68 68 68 68 68 112 109 42 104 68 68 68 68 68 68 68 68 68 68 68 68 68 68 68 68 68 68 73 70 70 70 70 70 70 70 70 70 70 70 70 70 70 70 74 68 68 88 83 83 83 83 83 83 83 83 83 83 
83 83 83 83 83 83 83 83 83 83 83 87 68 73 70 70 70 70 70 70 70 70 70 70 70 70 70 70 70 70 74 68 68 68 69 68 68 68 68 68 68 68 68 68 68 68 68 68 68 105 42 107 102 68 68 68 68 68 68 68 68 68 68 68 68 68 68 68 68 68 73 70 70 70 70 70 70 70 70 70 70 70 70 70 70 70 74 69 68 88 83 83 83 83 83 83 83 83 83 83 
83 83 83 83 83 83 83 83 83 83 83 87 68 99 72 72 72 77 70 70 70 70 70 70 70 70 70 70 70 70 74 68 69 69 68 68 68 68 68 68 68 68 68 68 68 68 68 68 68 105 42 42 111 68 68 68 68 68 68 68 69 68 68 68 68 68 68 68 68 68 73 70 70 70 70 70 70 70 70 70 70 70 70 78 72 72 100 68 68 88 83 83 83 83 83 83 83 83 83 83 
83 83 83 83 83 83 83 83 83 83 83 87 68 68 68 68 68 73 70 70 70 70 70 70 70 70 70 70 70 70 74 68 68 69 69 68 68 68 68 68 68 68 68 68 68 68 68 68 103 108 42 104 68 68 68 68 68 68 68 68 69 69 68 68 68 68 68 68 68 68 73 70 70 70 70 70 70 70 70 70 70 70 70 74 68 68 68 68 68 88 83 83 83 83 83 83 83 83 83 83 
83 83 83 83 83 83 83 83 83 83 83 87 68 68 69 69 68 73 70 70 70 70 70 70 70 70 70 70 70 70 74 68 68 68 69 68 68 68 68 68 68 68 68 68 68 68 68 68 105 42 42 104 68 68 68 68 68 68 68 68 68 69 68 68 68 68 68 68 68 68 73 70 70 70 70 70 70 70 70 70 70 70 70 74 68 68 68 68 68 88 83 83 83 83 83 83 83 83 83 83 
83 83 83 83 83 83 83 83 83 83 83 92 84 84 85 68 68 99 72 72 77 70 70 70 70 70 70 70 70 70 74 68 68 68 68 68 68 68 68 68 68 68 68 69 68 68 68 68 105 42 42 104 68 68 68 68 68 68 68 68 68 68 69 69 68 68 68 68 68 68 73 70 70 70 70 70 70 70 70 70 78 72 72 100 68 68 86 84 84 93 83 83 83 83 83 83 83 83 83 83 
83 83 83 83 83 83 83 83 83 83 83 83 83 83 87 68 68 68 68 68 73 70 70 70 70 70 70 70 70 70 74 68 68 68 68 68 68 68 68 68 68 68 69 69 68 68 68 68 105 42 42 104 68 68 68 68 68 68 68 68 68 68 68 69 68 68 68 68 68 68 73 70 70 70 70 70 70 70 70 70 74 68 68 68 69 68 88 83 83 83 83 83 83 83 83 83 83 83 83 83 
83 83 83 83 83 83 83 83 83 83 83 83 83 83 87 68 68 68 68 68 73 70 70 70 70 70 70 70 70 70 74 68 68 68 68 68 68 68 68 68 68 68 69 68 68 68 68 68 105 42 42 104 68 68 68 68 68 68 68 68 68 68 68 68 68 68 68 68 68 97 75 70 70 70 70 70 70 70 70 70 74 68 68 68 68 68 88 83 83 83 83 83 83 83 83 83 83 83 83 83 
83 83 83 83 83 83 83 83 83 83 83 83 83 83 92 84 84 85 68 69 99 72 72 72 72 72 72 72 77 70 74 68 68 68 68 68 68 68 68 68 68 68 68 69 68 68 68 68 105 42 42 104 68 68 68 68 68 68 68 68 68 68 68 68 68 68 68 68 97 75 70 70 78 72 72 72 72 72 72 72 100 68 68 86 84 84 93 83 83 83 83 83 83 83 83 83 83 83 83 83 
83 83 83 83 83 83 83 83 83 83 83 83 83 83 83 83 83 87 68 69 69 68 68 68 68 68 68 68 73 70 76 71 98 68 97 71 71 71 98 68 68 68 68 68 68 68 68 68 105 42 42 104 68 68 68 68 68 68 68 97 71 71 71 98 68 68 68 68 73 70 70 78 100 68 68 68 68 68 68 68 69 68 68 88 83 83 83 83 83 83 83 83 83 83 83 83 83 83 83 83 
83 83 83 83 83 83 83 83 83 83 83 83 83 83 83 83 83 87 68 68 68 68 68 69 68 68 68 68 73 70 70 70 76 71 75 70 70 70 74 68 68 68 68 68 68 68 68 68 105 42 42 104 68 68 68 68 68 68 68 73 70 70 70 76 71 71 71 71 75 70 78 100 68 68 68 68 68 68 68 68 68 68 68 88 83 83 83 83 83 83 83 83 83 83 83 83 83 83 83 83 
83 83 83 83 83 83 83 83 83 83 83 83 83 83 83 83 83 92 84 84 85 68 68 68 68 68 68 68 99 72 77 70 70 70 70 70 70 70 74 68 68 68 68 68 68 68 68 68 105 42 42 104 68 68 68 68 68 68 68 73 70 70 70 70 70 70 70 70 70 70 74 68 68 68 68 68 68 68 68 68 86 84 84 93 83 83 83 83 83 83 83 83 83 83 83 83 83 83 83 83 
83 83 83 83 83 83 83 83 83 83 83 83 83 83 83 83 83 83 83 83 87 68 68 68 68 68 68 68 68 68 99 72 72 72 77 70 70 70 74 68 68 68 68 68 68 68 68 68 112 109 42 104 68 68 68 68 68 68 68 73 70 70 70 78 72 72 72 72 72 72 100 68 68 68 68 68 68 68 68 68 88 83 83 83 83 83 83 83 83 83 83 83 83 83 83 83 83 83 83 83 
83 83 83 83 83 83 83 83 83 83 83 83 83 83 83 83 83 83 83 83 87 68 68 68 68 68 68 69 68 68 68 68 68 68 99 77 70 78 100 68 68 68 68 68 68 68 68 68 68 105 42 107 102 68 68 68 68 68 68 99 77 70 78 100 68 68 68 68 68 68 68 68 68 68 69 68 68 68 68 68 88 83 83 83 83 83 83 83 83 83 83 83 83 83 83 83 83 83 83 83 
83 83 83 83 83 83 83 83 83 83 83 83 83 83 83 83 83 83 83 83 87 68 68 68 68 68 69 69 68 68 68 68 68 68 68 73 70 74 68 68 68 68 68 68 68 68 68 68 68 105 42 42 104 68 68 68 68 68 68 68 73 70 74 68 68 68 68 68 68 68 68 68 68 68 69 68 68 68 68 68 88 83 83 83 83 83 83 83 83 83 83 83 83 83 83 83 83 83 83 83 
83 83 83 83 83 83 83 83 83 83 83 83 83 83 83 83 83 83 83 83 87 68 68 68 68 68 68 69 68 68 68 68 68 68 68 73 70 74 68 68 68 68 68 68 68 68 68 68 68 112 109 42 104 68 68 68 68 68 68 68 73 70 74 68 68 68 68 68 68 68 68 68 68 68 69 69 68 68 68 68 88 83 83 83 83 83 83 83 83 83 83 83 83 83 83 83 83 83 83 83 
83 83 83 83 83 83 83 83 83 83 83 83 83 83 83 83 83 83 83 83 87 68 68 68 68 68 68 68 68 68 68 68 68 68 68 73 70 74 68 68 68 68 68 68 68 68 68 68 68 68 112 109 107 102 68 68 68 68 68 68 73 70 74 68 68 68 68 68 68 68 68 68 68 68 68 69 68 68 68 68 88 83 83 83 83 83 83 83 83 83 83 83 83 83 83 83 83 83 83 83 
83 83 83 83 83 83 83 83 83 83 83 83 83 83 83 83 83 83 83 83 87 68 68 68 68 68 68 68 68 68 68 68 68 68 68 73 70 74 68 68 68 68 68 69 68 68 68 68 68 68 68 105 42 107 102 68 68 68 68 68 73 70 74 68 68 68 68 68 68 68 68 68 68 68 68 68 68 68 68 68 90 89 89 94 83 83 83 83 83 83 83 83 83 83 83 83 83 83 83 83 
83 83 83 83 83 83 83 83 83 83 83 83 83 83 83 83 83 83 83 83 87 68 68 68 68 68 68 68 68 68 68 68 68 68 68 73 70 74 68 68 68 68 69 69 69 68 68 68 68 68 68 105 42 42 104 68 68 68 68 68 73 70 74 68 68 68 68 69 68 68 68 68 68 68 68 68 68 68 68 68 68 68 68 88 83 83 83 83 83 83 83 83 83 83 83 83 83 83 83 83 
83 83 83 83 83 83 83 83 83 83 83 83 83 83 83 83 83 83 83 83 87 68 68 68 68 68 68 68 68 68 68 68 68 68 68 73 70 74 68 68 68 68 68 69 68 68 68 68 68 68 68 105 42 42 104 68 68 68 68 68 73 70 74 68 68 68 68 69 69 69 68 68 68 68 68 68 68 68 68 68 68 68 68 88 83 83 83 83 83 83 83 83 83 83 83 83 83 83 83 83 
83 83 83 83 83 83 83 83 83 83 83 83 83 83 83 83 83 83 83 83 87 68 68 68 68 68 68 68 68 68 68 68 68 68 68 73 70 74 68 68 68 68 68 68 68 68 68 68 68 68 68 105 42 110 111 68 68 68 68 68 73 70 74 68 68 68 68 68 68 68 68 68 68 68 68 68 68 68 68 68 68 68 68 88 83 83 83 83 83 83 83 83 83 83 83 83 83 83 83 83 
83 83 83 83 83 83 83 83 83 83 83 83 83 83 83 83 83 95 89 89 91 68 68 68 68 68 68 68 68 68 69 68 68 68 68 73 70 74 68 68 68 68 68 68 68 68 68 68 68 68 103 108 42 104 68 68 68 68 68 68 73 70 74 68 68 68 68 68 68 68 68 68 68 68 68 68 68 68 68 68 68 68 68 88 83 83 83 83 83 83 83 83 83 83 83 83 83 83 83 83 
83 83 83 83 83 83 83 83 83 83 83 83 83 83 83 83 83 87 68 68 68 68 68 68 68 68 68 68 68 69 69 68 68 68 68 73 70 74 68 68 68 68 68 68 68 68 68 68 68 68 105 42 110 111 68 68 68 68 68 68 73 70 74 68 68 68 68 68 68 68 68 68 68 68 68 68 68 68 69 69 68 68 68 88 83 83 83 83 83 83 83 83 83 83 83 83 83 83 83 83 
83 83 83 83 83 83 83 83 83 83 83 83 83 83 83 83 83 87 68 68 68 68 68 68 68 68 68 68 69 69 68 68 68 68 68 73 70 74 68 68 68 68 68 68 68 68 68 68 68 103 108 42 104 68 68 68 68 68 68 68 73 70 74 68 68 68 68 68 68 68 68 68 68 68 68 68 68 68 68 68 69 68 68 88 83 83 83 83 83 83 83 83 83 83 83 83 83 83 83 83 
83 83 83 83 83 83 83 83 83 83 83 83 83 83 95 89 89 91 68 68 68 68 68 68 68 68 68 68 68 68 68 68 68 68 68 73 70 74 68 68 68 68 68 68 68 68 68 68 68 105 42 42 104 68 68 68 68 68 68 68 73 70 74 68 68 68 68 68 68 68 68 68 68 68 68 68 68 68 68 68 69 69 68 88 83 83 83 83 83 83 83 83 83 83 83 83 83 83 83 83 
83 83 83 83 83 83 83 83 83 83 83 83 83 83 87 68 68 68 68 68 68 68 68 68 68 68 68 68 68 68 68 68 68 68 97 75 70 76 98 68 68 68 68 68 68 68 68 68 68 112 106 106 111 68 68 68 68 68 68 97 75 70 76 98 68 68 68 68 68 68 68 68 68 68 68 68 68 68 68 69 69 69 68 88 83 83 83 83 83 83 83 83 83 83 83 83 83 83 83 83 
83 83 83 83 83 83 83 83 83 83 83 83 83 83 87 128 123 127 97 71 71 71 71 71 71 71 71 71 71 71 71 71 71 71 75 70 70 70 76 71 71 71 71 71 71 71 71 71 71 71 71 71 71 71 71 71 71 71 71 75 70 70 70 76 71 71 71 98 68 68 68 68 68 68 68 68 68 68 69 69 69 69 68 88 83 83 83 83 83 83 83 83 83 83 83 83 83 83 83 83 
83 83 83 83 83 83 83 83 83 83 83 83 83 83 87 122 68 121 73 70 70 70 70 70 70 70 70 70 70 70 70 70 70 70 70 70 70 70 70 70 70 70 70 70 70 70 70 70 70 70 70 70 70 70 70 70 70 70 70 70 70 70 70 70 70 70 70 74 68 68 68 68 68 68 68 68 69 69 69 69 69 69 68 88 83 83 83 83 83 83 83 83 83 83 83 83 83 83 83 83 
83 83 83 83 83 83 83 83 83 83 83 83 83 83 87 125 124 126 99 72 72 72 72 72 72 72 72 72 72 72 72 72 72 72 77 70 70 70 78 72 72 72 72 72 72 72 72 72 72 72 72 72 72 72 72 72 72 72 72 77 70 70 70 78 72 72 72 100 68 68 68 68 68 68 68 68 68 68 69 69 69 69 68 88 83 83 83 83 83 83 83 83 83 83 83 83 83 83 83 83 
83 83 83 83 83 83 83 83 83 83 83 83 83 83 87 68 68 68 68 68 68 68 68 68 68 68 68 68 68 68 68 68 68 68 99 77 70 78 100 68 68 68 68 68 68 68 68 68 68 103 101 101 102 68 68 68 68 68 68 99 77 70 78 100 68 68 68 68 68 68 68 68 68 68 68 68 68 68 68 69 69 69 68 88 83 83 83 83 83 83 83 83 83 83 83 83 83 83 83 83 
83 83 83 83 83 83 83 83 83 83 83 83 83 83 92 84 84 85 68 68 68 68 68 68 68 68 68 68 68 68 68 68 68 68 68 73 70 74 68 68 68 68 68 68 68 68 68 68 68 112 109 42 104 68 68 68 68 68 68 68 73 70 74 68 68 68 68 68 68 68 68 68 68 68 68 68 68 68 68 68 69 69 68 88 83 83 83 83 83 83 83 83 83 83 83 83 83 83 83 83 
83 83 83 83 83 83 83 83 83 83 83 83 83 83 83 83 83 87 68 68 68 68 68 68 68 68 68 68 68 68 68 68 68 68 68 73 70 74 68 68 68 68 68 68 68 68 68 68 68 68 112 109 107 102 68 68 68 68 68 68 73 70 74 68 68 68 68 68 68 68 68 68 68 68 68 68 68 68 68 68 69 68 68 88 83 83 83 83 83 83 83 83 83 83 83 83 83 83 83 83 
83 83 83 83 83 83 83 83 83 83 83 83 83 83 83 83 83 87 68 68 68 68 68 68 68 68 68 68 68 68 68 68 68 68 68 73 70 74 68 68 68 68 68 68 68 68 68 68 68 68 68 105 42 107 102 68 68 68 68 68 73 70 74 68 68 68 68 68 68 68 68 68 68 68 68 68 68 68 69 69 68 68 68 88 83 83 83 83 83 83 83 83 83 83 83 83 83 83 83 83 
83 83 83 83 83 83 83 83 83 83 83 83 83 83 83 83 83 92 84 84 85 68 68 68 68 68 68 68 68 68 69 69 68 68 68 73 70 74 68 68 68 68 69 68 68 68 68 68 68 68 68 105 42 42 104 68 68 68 68 68 73 70 74 68 68 68 68 68 68 68 68 68 68 68 68 68 68 68 68 68 68 68 68 88 83 83 83 83 83 83 83 83 83 83 83 83 83 83 83 83 
83 83 83 83 83 83 83 83 83 83 83 83 83 83 83 83 83 83 83 83 87 68 68 68 68 68 68 68 68 69 69 69 68 68 68 73 70 74 68 68 68 68 69 69 68 68 68 68 68 68 68 112 109 42 104 68 68 68 68 68 73 70 74 68 68 68 68 68 68 68 68 68 68 68 68 68 68 68 68 68 68 68 68 88 83 83 83 83 83 83 83 83 83 83 83 83 83 83 83 83 
83 83 83 83 83 83 83 83 83 83 83 83 83 83 83 83 83 83 83 83 87 68 68 68 68 68 68 68 68 69 69 68 68 68 68 73 70 74 68 68 68 68 68 69 68 68 68 68 68 68 68 68 105 42 107 102 68 68 68 68 73 70 74 68 68 68 68 69 68 68 68 68 68 68 68 68 68 68 68 68 68 68 68 88 83 83 83 83 83 83 83 83 83 83 83 83 83 83 83 83 
83 83 83 83 83 83 83 83 83 83 83 83 83 83 83 83 83 83 83 83 87 68 68 68 68 68 68 68 68 68 68 68 68 68 68 73 70 74 68 68 68 68 69 69 68 68 68 68 68 68 68 68 105 42 110 111 68 68 68 68 73 70 74 68 68 68 68 69 68 68 68 68 68 68 68 68 68 68 68 68 68 68 68 88 83 83 83 83 83 83 83 83 83 83 83 83 83 83 83 83 
83 83 83 83 83 83 83 83 83 83 83 83 83 83 83 83 83 83 83 83 87 68 68 68 68 68 68 68 68 68 68 68 68 68 68 73 70 74 68 68 68 68 69 68 68 68 68 68 68 68 68 103 42 42 104 68 68 68 68 68 73 70 74 68 68 68 68 69 68 68 68 68 68 68 68 68 68 68 68 68 86 84 84 93 83 83 83 83 83 83 83 83 83 83 83 83 83 83 83 83 
83 83 83 83 83 83 83 83 83 83 83 83 83 83 83 83 83 83 83 83 87 68 68 68 68 68 68 68 68 68 68 68 68 68 68 73 70 74 68 68 68 68 68 68 68 68 68 68 68 68 68 105 42 42 104 68 68 68 68 68 73 70 74 68 68 68 68 68 68 68 68 68 68 68 68 68 68 68 68 68 88 83 83 83 83 83 83 83 83 83 83 83 83 83 83 83 83 83 83 83 
83 83 83 83 83 83 83 83 83 83 83 83 83 83 83 83 83 83 83 83 87 68 68 68 68 68 68 68 68 68 68 68 68 68 97 75 70 76 98 68 68 68 68 68 68 68 68 68 68 68 68 105 42 42 104 68 68 68 68 97 75 70 76 98 68 68 68 68 68 68 68 68 68 68 68 68 68 68 68 68 88 83 83 83 83 83 83 83 83 83 83 83 83 83 83 83 83 83 83 83 
83 83 83 83 83 83 83 83 83 83 83 83 83 83 83 83 83 83 83 83 87 68 68 68 68 68 68 68 97 71 71 71 71 71 75 70 70 70 74 68 68 68 68 68 68 68 68 68 68 68 68 105 42 42 104 68 68 68 68 73 70 70 70 76 71 71 71 71 71 71 71 98 68 68 68 68 68 68 68 68 88 83 83 83 83 83 83 83 83 83 83 83 83 83 83 83 83 83 83 83 
83 83 83 83 83 83 83 83 83 83 83 83 83 83 83 83 83 83 83 83 87 68 68 68 68 68 68 68 73 70 70 70 70 70 70 70 70 70 74 68 68 68 68 68 68 68 68 68 68 68 68 105 42 110 111 68 68 68 68 73 70 70 70 70 70 70 70 70 70 70 70 74 68 68 68 68 68 68 68 68 88 83 83 83 83 83 83 83 83 83 83 83 83 83 83 83 83 83 83 83 
83 83 83 83 83 83 83 83 83 83 83 83 83 83 83 83 83 83 83 83 87 68 68 68 69 68 68 97 75 70 70 78 72 72 77 70 70 70 74 68 68 68 68 68 68 68 68 68 68 68 103 108 110 111 68 68 68 68 68 73 70 70 70 78 72 72 72 72 77 70 70 76 98 68 68 68 68 68 68 68 88 83 83 83 83 83 83 83 83 83 83 83 83 83 83 83 83 83 83 83 
83 83 83 83 83 83 83 83 83 83 83 83 83 83 83 83 83 95 89 89 91 68 68 69 69 68 68 73 70 70 78 100 68 68 99 72 72 72 100 68 68 68 68 68 68 68 68 68 68 103 108 42 104 68 68 68 68 68 68 99 72 72 72 100 68 68 68 68 99 77 70 70 74 68 68 68 68 68 68 68 90 89 89 94 83 83 83 83 83 83 83 83 83 83 83 83 83 83 83 83 
83 83 83 83 83 83 83 83 83 83 83 83 83 83 83 83 83 87 68 68 68 68 68 68 68 68 68 73 70 78 100 68 68 68 68 68 68 68 68 68 68 68 68 68 68 68 68 68 68 105 42 42 104 68 68 68 68 68 68 68 68 68 68 68 68 68 68 68 68 99 77 70 74 68 68 68 69 69 68 68 68 68 68 88 83 83 83 83 83 83 83 83 83 83 83 83 83 83 83 83 
83 83 83 83 83 83 83 83 83 83 83 83 83 83 83 83 83 87 68 68 68 68 68 68 68 68 68 73 70 74 68 68 68 68 68 68 68 68 68 68 68 68 68 68 68 68 68 68 68 105 42 42 104 68 68 68 68 68 68 68 68 68 68 68 68 68 68 68 68 68 73 70 76 98 68 68 68 68 68 69 68 68 68 88 83 83 83 83 83 83 83 83 83 83 83 83 83 83 83 83 
83 83 83 83 83 83 83 83 83 83 83 83 83 83 95 89 89 91 68 68 97 71 71 71 71 71 71 75 70 76 98 68 68 68 68 68 68 68 68 68 68 68 68 68 68 68 68 68 68 105 42 110 111 68 68 68 68 68 68 68 68 68 68 68 68 68 68 68 68 68 73 70 70 76 71 71 71 71 71 71 98 68 68 90 89 89 94 83 83 83 83 83 83 83 83 83 83 83 83 83 
83 83 83 83 83 83 83 83 83 83 83 83 83 83 87 68 68 68 68 68 73 70 70 70 70 70 70 70 70 70 74 68 68 68 68 68 68 68 68 68 68 68 68 68 68 68 68 68 103 108 42 104 68 68 68 68 68 68 69 69 68 68 68 68 68 68 68 68 68 68 73 70 70 70 70 70 70 70 70 70 74 68 69 68 68 68 88 83 83 83 83 83 83 83 83 83 83 83 83 83 
83 83 83 83 83 83 83 83 83 83 83 83 83 83 87 68 68 68 69 69 73 70 70 70 70 70 70 70 70 70 74 68 68 69 68 68 68 68 68 68 68 68 68 69 68 68 68 68 105 42 110 111 68 68 68 68 68 68 68 68 68 68 68 68 68 68 68 68 68 68 73 70 70 70 70 70 70 70 70 70 74 68 68 68 68 68 88 83 83 83 83 83 83 83 83 83 83 83 83 83 
83 83 83 83 83 83 83 83 83 83 83 95 89 89 91 69 68 97 71 71 75 70 70 70 70 70 70 70 70 70 74 68 69 69 68 68 68 68 68 68 68 69 69 69 69 68 68 68 105 42 104 68 68 68 68 68 68 68 68 68 68 68 68 68 68 68 68 68 68 68 73 70 70 70 70 70 70 70 70 70 76 71 71 98 68 68 90 89 89 94 83 83 83 83 83 83 83 83 83 83 
83 83 83 83 83 83 83 83 83 83 83 87 68 68 68 69 68 73 70 70 70 70 70 70 70 70 70 70 70 70 74 69 69 68 68 68 68 68 68 68 68 68 69 68 68 68 68 68 105 42 107 102 68 68 68 68 68 68 68 68 68 68 68 68 68 69 68 68 68 68 73 70 70 70 70 70 70 70 70 70 70 70 70 74 68 69 68 68 68 88 83 83 83 83 83 83 83 83 83 83 
83 83 83 83 83 83 83 83 83 83 83 87 68 68 68 68 68 73 70 70 70 70 70 70 70 70 70 70 70 70 74 68 68 68 68 68 68 68 68 68 68 68 68 68 68 68 68 68 112 106 109 104 68 68 68 68 68 69 68 68 68 68 68 68 69 68 69 68 68 68 73 70 70 70 70 70 70 70 70 70 70 70 70 74 68 68 68 68 68 88 83 83 83 83 83 83 83 83 83 83 
83 83 83 83 83 83 83 83 83 83 83 87 68 68 97 71 71 75 70 70 70 70 70 70 70 70 70 70 70 70 74 68 68 68 68 68 68 68 68 68 68 68 68 68 68 68 68 68 68 68 105 107 101 102 68 68 68 69 68 68 68 68 68 68 68 69 68 68 68 68 73 70 70 70 70 70 70 70 70 70 70 70 70 76 71 71 98 69 68 88 83 83 83 83 83 83 83 83 83 83 
83 83 83 83 83 83 83 83 83 83 83 87 68 68 73 70 70 70 70 70 70 70 70 70 70 70 70 70 70 70 74 68 68 68 68 68 68 68 68 68 68 68 68 68 68 68 68 68 68 68 105 42 42 104 68 68 68 68 68 68 68 68 68 68 68 68 68 68 68 68 73 70 70 70 70 70 70 70 70 70 70 70 70 70 70 70 74 69 68 88 83 83 83 83 83 83 83 83 83 83 
83 83 83 83 83 83 83 83 83 83 83 87 68 68 73 70 70 70 70 70 70 70 70 70 70 70 70 70 70 70 74 68 69 68 68 68 68 68 68 68 68 68 68 68 68 68 68 68 68 68 105 42 110 111 68 68 68 68 68 68 68 68 68 68 68 68 68 68 68 68 73 70 70 70 70 70 70 70 70 70 70 70 70 70 70 70 74 68 68 88 83 83 83 83 83 83 83 83 83 83 
83 83 83 83 83 83 83 83 83 83 83 87 68 69 73 70 70 70 70 70 70 70 70 70 70 70 70 70 70 70 74 68 68 68 68 68 68 68 68 68 68 68 68 68 68 68 68 68 68 103 108 42 104 68 68 68 68 68 68 68 68 68 68 68 68 68 68 68 68 68 73 70 70 70 70 70 70 70 70 70 70 70 70 70 70 70 74 68 68 88 83 83 83 83 83 83 83 83 83 83 
83 83 83 83 83 83 83 83 83 83 83 87 68 68 73 70 70 70 70 70 70 70 70 70 70 70 70 78 72 72 100 68 68 86 84 84 84 84 84 84 84 84 84 84 84 84 85 68 68 105 42 42 104 68 86 84 84 84 84 84 84 84 84 84 84 84 84 85 68 68 99 72 72 77 70 70 70 70 70 70 70 70 70 70 70 70 74 68 68 88 83 83 83 83 83 83 83 83 83 83 
83 83 83 83 83 83 83 83 83 83 83 87 68 68 73 70 70 70 70 70 70 70 70 70 70 70 70 74 68 69 68 68 68 88 83 83 83 83 83 83 83 83 83 83 83 83 87 68 68 112 106 106 111 68 88 83 83 83 83 83 83 83 83 83 83 83 83 87 68 68 68 68 68 73 70 70 70 70 70 70 70 70 70 70 70 70 74 68 68 88 83 83 83 83 83 83 83 83 83 83 
83 83 83 83 83 83 83 83 83 83 83 87 68 68 73 70 70 70 70 70 70 70 70 70 70 70 70 74 69 68 68 68 68 88 83 83 83 83 83 83 83 83 83 83 83 83 92 84 84 84 84 84 84 84 93 83 83 83 83 83 83 83 83 83 83 83 83 87 68 68 68 68 68 73 70 70 70 70 70 70 70 70 70 70 70 70 74 68 69 88 83 83 83 83 83 83 83 83 83 83 
83 83 83 83 83 83 83 83 83 83 83 87 68 68 73 70 70 70 70 70 70 70 70 70 78 72 72 100 68 68 86 84 84 93 83 83 83 83 83 83 83 83 83 83 83 83 83 83 83 83 83 83 83 83 83 83 83 83 83 83 83 83 83 83 83 83 83 92 84 84 85 68 68 99 72 72 77 70 70 70 70 70 70 70 70 70 74 68 69 88 83 83 83 83 83 83 83 83 83 83 
83 83 83 83 83 83 83 83 83 83 83 87 68 68 73 70 70 70 70 70 70 70 70 70 74 68 68 68 68 68 88 83 83 83 83 83 83 83 83 83 83 83 83 83 83 83 83 83 83 83 83 83 83 83 83 83 83 83 83 83 83 83 83 83 83 83 83 83 83 83 87 68 68 68 68 68 73 70 70 70 70 70 70 70 70 70 74 69 68 88 83 83 83 83 83 83 83 83 83 83 
83 83 83 83 83 83 83 83 83 83 83 87 68 68 73 70 70 70 70 70 70 70 70 70 74 69 69 68 68 68 88 83 83 83 83 83 83 83 83 83 83 83 83 83 83 83 83 83 83 83 83 83 83 83 83 83 83 83 83 83 83 83 83 83 83 83 83 83 83 83 87 68 68 69 68 68 73 70 70 70 70 70 70 70 70 70 74 68 68 88 83 83 83 83 83 83 83 83 83 83 
83 83 83 83 83 83 83 83 83 83 83 87 68 68 99 72 72 72 72 72 72 72 72 72 100 69 68 86 84 84 93 83 83 83 83 83 83 83 83 83 83 83 83 83 83 83 83 83 83 83 83 83 83 83 83 83 83 83 83 83 83 83 83 83 83 83 83 83 83 83 92 84 84 85 68 68 99 72 72 72 72 72 72 72 72 72 100 68 68 88 83 83 83 83 83 83 83 83 83 83 
83 83 83 83 83 83 83 83 83 83 83 87 68 68 69 69 68 68 68 68 68 68 68 68 68 68 68 88 83 83 83 83 83 83 83 83 83 83 83 83 83 83 83 83 83 83 83 83 83 83 83 83 83 83 83 83 83 83 83 83 83 83 83 83 83 83 83 83 83 83 83 83 83 87 68 69 68 68 68 68 68 69 69 68 68 68 68 68 68 88 83 83 83 83 83 83 83 83 83 83 
83 83 83 83 83 83 83 83 83 83 83 87 68 68 68 68 68 68 68 68 68 68 68 68 68 68 68 88 83 83 83 83 83 83 83 83 83 83 83 83 83 83 83 83 83 83 83 83 83 83 83 83 83 83 83 83 83 83 83 83 83 83 83 83 83 83 83 83 83 83 83 83 83 87 68 68 68 68 68 68 68 68 69 69 69 68 68 68 68 88 83 83 83 83 83 83 83 83 83 83 
83 83 83 83 83 83 83 83 83 83 83 92 84 84 84 84 84 84 84 84 84 84 84 84 84 84 84 93 83 83 83 83 83 83 83 83 83 83 83 83 83 83 83 83 83 83 83 83 83 83 83 83 83 83 83 83 83 83 83 83 83 83 83 83 83 83 83 83 83 83 83 83 83 92 84 84 84 84 84 84 84 84 84 84 84 84 84 84 84 93 83 83 83 83 83 83 83 83 83 83 
83 83 83 83 83 83 83 83 83 83 83 83 83 83 83 83 83 83 83 83 83 83 83 83 83 83 83 83 83 83 83 83 83 83 83 83 83 83 83 83 83 83 83 83 83 83 83 83 83 83 83 83 83 83 83 83 83 83 83 83 83 83 83 83 83 83 83 83 83 83 83 83 83 83 83 83 83 83 83 83 83 83 83 83 83 83 83 83 83 83 83 83 83 83 83 83 83 83 83 83 
83 83 83 83 83 83 83 83 83 83 83 83 83 83 83 83 83 83 83 83 83 83 83 83 83 83 83 83 83 83 83 83 83 83 83 83 83 83 83 83 83 83 83 83 83 83 83 83 83 83 83 83 83 83 83 83 83 83 83 83 83 83 83 83 83 83 83 83 83 83 83 83 83 83 83 83 83 83 83 83 83 83 83 83 83 83 83 83 83 83 83 83 83 83 83 83 83 83 83 83 
83 83 83 83 83 83 83 83 83 83 83 83 83 83 83 83 83 83 83 83 83 83 83 83 83 83 83 83 83 83 83 83 83 83 83 83 83 83 83 83 83 83 83 83 83 83 83 83 83 83 83 83 83 83 83 83 83 83 83 83 83 83 83 83 83 83 83 83 83 83 83 83 83 83 83 83 83 83 83 83 83 83 83 83 83 83 83 83 83 83 83 83 83 83 83 83 83 83 83 83 
83 83 83 83 83 83 83 83 83 83 83 83 83 83 83 83 83 83 83 83 83 83 83 83 83 83 83 83 83 83 83 83 83 83 83 83 83 83 83 83 83 83 83 83 83 83 83 83 83 83 83 83 83 83 83 83 83 83 83 83 83 83 83 83 83 83 83 83 83 83 83 83 83 83 83 83 83 83 83 83 83 83 83 83 83 83 83 83 83 83 83 83 83 83 83 83 83 83 83 83 
83 83 83 83 83 83 83 83 83 83 83 83 83 83 83 83 83 83 83 83 83 83 83 83 83 83 83 83 83 83 83 83 83 83 83 83 83 83 83 83 83 83 83 83 83 83 83 83 83 83 83 83 83 83 83 83 83 83 83 83 83 83 83 83 83 83 83 83 83 83 83 83 83 83 83 83 83 83 83 83 83 83 83 83 83 83 83 83 83 83 83 83 83 83 83 83 83 83 83 83 
83 83 83 83 83 83 83 83 83 83 83 83 83 83 83 83 83 83 83 83 83 83 83 83 83 83 83 83 83 83 83 83 83 83 83 83 83 83 83 83 83 83 83 83 83 83 83 83 83 83 83 83 83 83 83 83 83 83 83 83 83 83 83 83 83 83 83 83 83 83 83 83 83 83 83 83 83 83 83 83 83 83 83 83 83 83 83 83 83 83 83 83 83 83 83 83 83 83 83 83 
83 83 83 83 83 83 83 83 83 83 83 83 83 83 83 83 83 83 83 83 83 83 83 83 83 83 83 83 83 83 83 83 83 83 83 83 83 83 83 83 83 83 83 83 83 83 83 83 83 83 83 83 83 83 83 83 83 83 83 83 83 83 83 83 83 83 83 83 83 83 83 83 83 83 83 83 83 83 83 83 83 83 83 83 83 83 83 83 83 83 83 83 83 83 83 83 83 83 83 83 
83 83 83 83 83 83 83 83 83 83 83 83 83 83 83 83 83 83 83 83 83 83 83 83 83 83 83 83 83 83 83 83 83 83 83 83 83 83 83 83 83 83 83 83 83 83 83 83 83 83 83 83 83 83 83 83 83 83 83 83 83 83 83 83 83 83 83 83 83 83 83 83 83 83 83 83 83 83 83 83 83 83 83 83 83 83 83 83 83 83 83 83 83 83 83 83 83 83 83 83 
83 83 83 83 83 83 83 83 83 83 83 83 83 83 83 83 83 83 83 83 83 83 83 83 83 83 83 83 83 83 83 83 83 83 83 83 83 83 83 83 83 83 83 83 83 83 83 83 83 83 83 83 83 83 83 83 83 83 83 83 83 83 83 83 83 83 83 83 83 83 83 83 83 83 83 83 83 83 83 83 83 83 83 83 83 83 83 83 83 83 83 83 83 83 83 83 83 83 83 83 
83 83 83 83 83 83 83 83 83 83 83 83 83 83 83 83 83 83 83 83 83 83 83 83 83 83 83 83 83 83 83 83 83 83 83 83 83 83 83 83 83 83 83 83 83 83 83 83 83 83 83 83 83 83 83 83 83 83 83 83 83 83 83 83 83 83 83 83 83 83 83 83 83 83 83 83 83 83 83 83 83 83 83 83 83 83 83 83 83 83 83 83 83 83 83 83 83 83 83 83 
83 83 83 83 83 83 83 83 83 83 83 83 83 83 83 83 83 83 83 83 83 83 83 83 83 83 83 83 83 83 83 83 83 83 83 83 83 83 83 83 83 83 83 83 83 83 83 83 83 83 83 83 83 83 83 83 83 83 83 83 83 83 83 83 83 83 83 83 83 83 83 83 83 83 83 83 83 83 83 83 83 83 83 83 83 83 83 83 83 83 83 83 83 83 83 83 83 83 83 83 
